data = [
509
508
509
509
510
510
509
509
509
508
507
508
508
508
508
512
515
517
520
522
523
524
525
525
524
523
523
522
521
519
518
515
514
512
510
507
505
503
502
501
497
496
495
494
492
492
490
489
490
489
488
488
488
488
489
488
488
489
489
490
490
490
490
491
493
495
495
498
502
504
507
514
519
525
531
537
545
552
559
566
573
578
583
590
593
595
597
598
596
594
593
589
584
580
574
567
561
554
547
539
533
525
519
513
505
497
494
488
482
479
474
472
469
466
465
465
464
463
465
465
467
470
471
474
475
479
482
485
488
492
495
497
501
503
506
509
511
512
514
515
516
518
519
517
518
518
517
516
516
514
514
512
510
509
507
506
504
502
500
499
498
497
495
495
494
493
490
492
491
489
490
490
489
489
489
489
488
489
488
489
488
488
489
489
490
490
492
493
495
497
501
503
507
513
517
522
529
536
543
550
556
563
571
576
581
586
590
592
595
595
594
594
591
587
583
577
572
565
559
552
545
538
531
524
517
511
504
497
492
487
480
477
473
470
467
463
464
463
461
462
463
463
465
468
470
473
476
480
483
487
489
493
497
500
502
506
509
511
513
515
517
517
519
520
519
519
520
520
517
518
517
517
515
513
512
509
507
505
504
502
500
499
497
495
495
493
492
491
490
490
489
489
489
487
488
488
487
488
487
487
487
488
487
487
488
489
489
491
492
494
498
500
503
508
512
519
526
531
538
545
553
560
565
572
577
583
588
591
595
596
596
594
593
591
587
582
578
569
563
558
550
542
536
528
520
513
506
501
495
488
483
479
474
470
468
465
462
462
461
460
460
460
463
464
465
468
471
473
477
479
482
486
488
492
497
498
500
504
506
508
510
511
512
515
513
514
514
512
512
512
510
510
508
507
505
503
502
501
500
498
497
496
494
494
493
491
491
490
489
488
488
487
488
487
486
486
487
487
487
486
487
487
487
488
488
488
489
489
490
491
492
493
494
495
497
501
504
508
512
516
521
528
535
542
550
557
564
572
577
585
590
594
599
600
604
604
602
599
598
593
587
584
579
571
564
557
550
542
534
529
522
515
509
504
498
493
487
483
478
474
472
470
467
465
465
465
465
465
466
468
470
472
475
478
481
484
488
491
493
497
500
503
505
507
510
512
513
514
515
515
516
516
517
516
515
515
513
512
512
512
509
507
506
504
502
502
500
497
497
496
494
494
493
491
491
489
490
490
489
489
489
489
489
489
489
490
490
490
490
490
492
492
492
492
493
493
493
494
493
493
494
494
494
495
496
497
496
497
499
501
501
503
507
509
513
516
523
529
535
542
551
558
568
576
584
591
599
605
610
614
616
617
619
617
614
612
608
602
596
590
582
575
568
561
553
544
537
530
522
516
510
503
497
491
487
483
477
474
472
469
466
466
466
465
466
466
468
470
471
473
477
479
481
484
488
491
494
496
499
501
503
505
506
507
508
509
509
509
509
507
508
506
504
505
503
501
500
498
497
495
494
492
491
489
488
487
486
485
485
483
483
482
482
482
482
483
482
483
483
484
484
485
484
486
486
487
488
489
490
490
491
492
492
492
495
495
495
495
496
497
497
497
498
499
498
497
499
498
498
497
498
497
497
496
497
496
496
497
498
498
500
502
505
507
511
516
521
525
531
538
545
553
561
568
576
583
591
597
602
603
608
612
611
610
608
605
601
596
590
583
576
569
562
553
545
538
531
523
516
509
503
498
492
487
483
479
475
473
469
468
467
466
464
464
465
466
466
468
470
473
475
479
482
485
488
491
493
498
501
503
507
509
510
512
514
515
516
515
515
516
515
514
513
512
509
510
508
507
505
504
502
500
498
497
495
493
493
491
489
488
487
487
486
484
485
485
484
484
485
485
485
485
486
487
487
488
489
489
490
490
492
492
493
493
495
495
495
496
497
496
496
498
497
497
498
498
498
499
498
499
498
498
497
499
498
498
499
497
497
497
498
499
500
502
504
507
511
516
522
527
533
539
546
553
560
567
575
579
584
589
593
596
597
597
596
595
593
590
585
579
574
567
561
554
547
540
534
526
520
513
505
497
494
488
484
479
475
471
469
466
464
463
462
462
463
464
465
467
470
472
476
479
482
485
489
493
495
499
502
504
506
507
511
512
514
514
515
515
515
516
515
514
513
513
512
511
509
506
506
505
503
501
499
497
496
494
493
491
489
488
488
487
486
486
486
486
486
487
486
487
487
487
487
487
487
489
489
490
490
490
490
489
491
492
494
493
494
496
496
497
497
498
498
498
499
498
499
499
500
498
498
499
499
499
499
498
499
500
499
501
502
505
506
511
514
518
524
529
535
541
549
557
563
569
576
582
587
592
596
598
600
599
599
598
595
591
587
582
575
570
564
557
550
543
534
529
522
517
510
503
498
493
488
483
479
476
473
470
468
468
467
466
466
467
467
470
471
473
476
477
480
484
485
488
492
494
497
500
502
506
508
509
513
513
515
516
517
518
515
517
516
517
514
514
513
510
507
507
505
504
502
499
497
497
496
496
494
491
491
491
490
489
489
488
487
486
486
487
486
485
486
487
486
487
488
487
488
489
489
491
492
491
493
493
493
494
494
494
495
495
495
496
496
497
497
496
496
496
495
496
497
496
495
496
496
496
496
496
497
497
499
501
504
508
511
515
521
528
534
542
548
556
564
571
578
584
590
594
598
600
601
602
601
599
596
592
588
583
577
573
565
558
551
545
537
531
523
517
510
503
498
493
488
483
479
476
471
469
468
466
465
466
466
467
467
468
471
473
475
478
481
483
485
488
492
494
497
500
502
505
507
510
512
513
515
516
517
518
518
519
519
518
517
516
514
513
511
509
507
506
504
501
501
499
498
496
495
494
493
492
492
491
489
490
488
488
487
486
485
486
485
486
486
486
486
487
487
489
489
489
490
491
491
493
493
494
494
494
495
495
495
494
496
495
495
497
496
496
498
496
498
498
499
500
502
502
505
508
511
515
519
525
530
536
543
551
556
563
569
577
581
588
591
596
598
598
599
599
596
592
590
584
578
574
566
560
552
545
538
531
523
517
509
503
496
490
485
481
476
471
469
466
463
462
460
460
461
461
462
464
466
469
472
474
479
481
485
488
492
496
499
502
505
508
511
513
516
517
518
520
521
521
521
520
520
520
519
517
516
515
513
512
510
508
507
505
503
500
499
499
496
495
494
492
492
491
490
490
489
488
488
489
488
488
488
488
488
488
488
488
489
488
488
488
487
489
490
488
489
489
491
492
492
493
495
495
497
501
504
507
512
516
521
527
532
540
546
554
560
567
572
577
583
587
589
592
592
593
591
588
586
582
577
572
565
559
552
546
538
532
524
516
511
504
497
492
487
481
477
473
469
467
464
464
463
460
461
463
463
464
467
468
472
474
477
480
484
487
491
495
497
501
504
506
509
512
514
516
517
518
520
520
520
520
518
518
518
516
514
514
512
511
510
507
505
504
502
501
499
498
496
494
493
493
492
491
489
489
489
489
489
489
488
487
489
490
490
490
490
491
489
492
493
492
493
492
494
494
493
494
495
495
496
498
500
502
506
510
514
519
524
531
536
544
551
558
566
571
579
585
590
594
598
601
602
602
602
599
596
593
587
582
576
570
562
554
547
540
532
525
517
509
503
496
490
485
480
476
472
470
468
464
464
463
463
463
462
465
467
468
470
473
475
477
480
482
485
489
492
495
498
501
504
508
509
512
514
515
516
516
517
519
518
516
517
516
514
514
512
511
509
507
506
506
503
502
501
498
498
498
494
496
494
493
491
490
489
489
488
486
487
487
486
487
487
487
488
488
488
489
489
490
490
490
490
491
491
491
491
492
494
495
496
501
504
507
512
518
523
531
538
545
553
559
567
575
580
586
591
595
597
599
600
600
599
596
594
590
584
578
573
566
559
551
544
537
529
521
515
507
500
495
489
483
479
475
471
468
466
465
464
463
462
464
464
465
466
467
470
472
474
478
481
483
486
489
491
496
499
502
506
507
510
513
513
515
516
517
518
518
518
517
517
515
514
513
511
510
509
506
504
504
502
500
499
498
493
494
494
492
492
491
490
489
488
487
488
487
487
486
486
487
487
485
488
487
487
488
489
488
489
489
489
490
490
491
492
491
492
492
494
496
498
502
505
507
513
520
525
529
538
544
551
559
565
572
578
583
588
592
595
597
597
598
596
593
591
587
581
575
570
563
556
548
542
533
526
518
512
506
499
493
490
482
478
475
471
469
467
464
465
465
464
465
466
467
468
470
472
474
476
480
482
485
489
493
495
498
502
505
505
510
512
514
517
517
516
519
518
518
518
517
516
516
515
513
512
510
509
507
506
505
503
502
501
500
497
497
495
494
493
491
490
491
489
488
488
487
486
487
487
486
486
487
488
488
488
489
490
489
489
491
492
493
494
497
499
502
506
509
514
519
525
531
537
543
550
557
563
568
575
581
583
586
589
590
590
589
587
585
581
576
571
565
560
553
546
539
532
525
518
512
505
498
492
487
482
478
474
469
468
464
465
463
462
463
464
464
465
468
469
472
475
478
482
485
489
492
495
498
502
504
506
509
512
515
516
516
517
519
519
519
519
518
517
517
515
514
513
511
509
508
505
505
503
503
499
499
495
496
494
494
493
491
491
491
490
489
490
489
489
489
488
489
490
489
489
490
489
490
492
491
491
492
494
495
496
499
502
505
509
514
520
525
531
538
544
552
558
565
573
576
583
589
591
593
596
596
595
594
591
589
585
579
574
569
562
554
548
541
534
526
520
514
506
501
496
490
486
482
478
475
472
470
468
467
466
467
469
467
468
471
473
475
478
480
483
486
489
492
495
498
501
504
507
509
512
514
515
516
518
519
519
519
518
518
516
516
515
513
511
510
507
507
505
504
504
501
499
499
498
497
496
494
494
493
492
492
491
490
490
490
489
489
489
489
489
489
488
490
490
488
491
490
490
492
493
493
494
495
498
500
502
505
511
514
520
525
533
540
546
555
563
570
578
587
592
596
601
605
606
607
606
605
601
596
592
588
581
573
567
560
553
545
537
532
524
517
512
506
501
495
491
486
482
477
474
472
469
467
467
464
464
465
466
466
467
469
472
475
477
480
484
485
489
493
496
498
501
504
505
507
509
510
511
512
513
513
513
514
513
513
513
511
511
511
508
508
507
504
502
502
500
498
497
494
494
493
491
491
490
490
489
488
488
488
485
488
488
487
487
489
488
489
488
489
488
489
490
490
490
490
491
492
490
492
494
495
496
499
502
505
510
514
520
525
531
538
545
552
558
565
573
578
583
588
592
594
595
597
597
594
592
589
585
581
576
570
564
557
550
544
537
529
523
516
511
504
499
494
488
483
480
476
473
472
468
467
467
466
466
467
466
467
470
471
471
474
477
479
481
483
486
489
492
495
497
499
502
504
506
507
508
509
511
510
510
512
510
509
509
508
507
506
505
504
503
501
501
500
499
497
497
495
494
494
494
493
492
491
490
489
488
489
488
487
488
488
487
489
488
489
490
489
490
491
490
491
492
492
492
492
493
492
493
492
493
493
493
494
495
495
496
497
499
502
503
507
511
513
517
524
527
534
540
546
552
559
564
569
574
578
581
584
585
586
586
584
582
578
575
570
564
558
553
547
541
535
528
523
517
511
506
501
496
492
489
484
481
479
477
475
473
472
470
471
470
471
473
473
474
477
479
482
485
487
490
493
496
499
500
502
505
507
508
510
511
512
513
513
513
513
513
512
512
510
509
510
509
507
506
504
504
503
501
501
499
497
496
495
494
492
491
491
491
489
489
490
489
488
490
490
490
490
491
491
491
491
491
492
492
492
494
493
493
493
494
494
494
494
495
495
495
495
497
496
496
497
498
499
499
502
504
506
508
513
517
520
526
532
536
543
549
554
561
566
571
577
581
584
586
588
588
587
587
586
582
577
575
569
564
559
553
547
540
534
527
523
516
512
507
501
495
492
488
484
481
478
476
474
473
472
471
471
471
472
473
474
475
477
480
482
485
488
489
492
497
498
500
503
505
506
508
509
510
510
512
512
512
512
511
511
511
510
508
508
506
505
505
504
502
500
499
498
496
496
495
493
493
491
491
491
489
489
489
489
489
489
489
489
489
488
490
490
490
490
491
491
491
494
493
494
494
495
496
496
496
498
498
498
498
497
498
498
497
498
499
497
497
499
498
498
498
499
499
501
501
502
504
505
507
511
514
519
524
527
533
540
546
553
559
567
574
580
585
590
595
598
599
600
600
598
597
594
591
586
581
577
570
564
559
553
546
541
534
529
524
518
512
507
502
499
494
490
487
484
481
480
477
476
476
473
474
475
475
477
479
480
482
485
486
489
492
493
496
499
500
502
503
506
507
507
508
511
510
511
512
511
512
511
509
510
509
507
507
506
504
502
502
500
498
497
496
495
493
491
491
489
488
488
488
487
486
486
487
486
486
486
487
487
487
489
489
489
490
491
490
490
491
491
493
492
492
494
494
493
495
495
495
495
496
496
496
496
497
497
496
496
497
497
498
497
499
500
501
503
505
508
511
515
520
524
530
536
542
548
554
561
566
572
577
582
586
589
591
592
593
592
590
589
584
580
576
570
564
558
552
545
539
532
526
519
514
508
504
498
492
488
485
481
479
476
474
472
470
471
470
470
471
471
472
475
477
478
479
482
485
489
491
492
496
499
500
503
505
507
509
510
512
513
513
514
514
514
514
513
514
514
509
510
510
507
506
506
504
500
500
499
497
497
495
494
494
492
491
492
491
491
489
491
490
489
489
491
490
489
490
489
490
490
490
491
491
490
491
492
492
493
493
493
494
495
494
495
495
495
496
496
496
498
498
500
501
503
507
509
512
518
523
527
534
541
545
551
556
562
567
572
576
578
581
582
583
583
582
579
577
574
568
566
561
556
549
543
538
531
525
520
513
507
500
496
491
487
482
479
476
472
470
470
467
466
468
468
469
470
472
474
476
478
481
484
486
488
491
494
496
499
502
504
505
508
511
511
512
515
516
516
516
516
516
516
514
513
512
510
509
509
506
504
503
501
500
499
498
497
497
495
494
494
494
493
492
492
492
491
491
492
491
490
491
492
491
492
491
492
493
493
493
494
493
493
494
494
494
495
495
495
496
498
500
500
502
505
508
512
515
520
524
531
536
542
549
553
559
565
568
572
577
579
581
583
583
582
582
579
577
573
568
565
560
553
548
543
537
530
523
519
513
506
502
497
492
488
485
481
478
477
474
474
473
471
471
472
472
472
475
476
478
479
481
484
487
488
492
494
498
499
502
504
505
509
511
513
513
514
516
516
516
517
516
515
514
514
513
512
510
509
508
506
506
504
503
502
500
500
498
496
497
495
494
492
493
492
490
490
490
489
490
489
489
490
490
490
491
491
491
492
492
492
493
492
493
492
493
494
494
496
495
498
500
502
505
507
512
516
524
531
537
543
550
556
562
570
576
581
586
590
594
597
597
598
599
596
594
591
588
582
577
572
566
560
552
547
540
533
527
520
514
509
503
496
493
487
483
482
477
474
474
471
470
470
469
470
470
470
472
474
475
477
480
481
484
486
489
493
494
497
501
502
505
507
509
510
511
512
513
514
513
514
514
512
512
512
511
509
507
507
505
504
502
503
501
499
498
496
497
495
495
494
493
491
492
492
490
489
491
489
489
490
489
489
487
489
489
490
489
489
490
490
490
491
491
492
493
495
496
499
502
505
509
514
520
525
531
538
545
552
559
564
571
578
583
587
591
594
596
597
598
595
591
590
587
581
576
571
564
557
549
542
535
528
520
514
508
500
495
491
484
479
477
472
469
466
465
463
463
462
462
463
464
464
466
469
471
473
476
479
481
483
488
491
493
497
500
502
504
507
510
512
512
513
514
514
514
515
515
513
512
512
511
510
509
508
506
504
503
503
501
499
498
496
496
494
493
494
491
490
491
490
488
489
489
488
488
487
488
487
487
488
487
488
488
489
490
491
491
493
494
496
498
502
504
509
514
518
523
530
536
542
549
555
562
568
572
577
582
585
588
589
590
589
587
584
583
578
573
568
562
554
547
541
534
527
518
513
507
500
494
490
484
480
476
472
469
467
464
464
464
462
463
465
464
466
468
471
473
475
479
483
486
489
493
496
499
502
505
509
511
512
514
517
517
518
519
518
518
519
518
516
516
514
514
512
509
509
506
506
504
503
502
500
498
497
496
495
494
492
493
491
491
490
490
490
488
489
489
487
487
488
488
489
490
490
490
492
494
496
498
501
506
510
514
520
525
533
539
545
553
560
565
573
578
582
586
590
590
591
592
590
588
585
580
576
570
564
558
552
545
537
531
524
515
509
504
497
491
486
481
476
473
471
468
465
463
462
463
463
462
464
465
466
468
473
474
477
481
483
487
491
494
497
500
503
505
509
511
512
515
516
517
516
518
519
518
516
518
516
514
514
512
509
509
506
506
505
501
500
499
497
496
495
494
493
491
491
491
489
488
488
488
487
487
487
488
487
487
488
488
488
489
490
490
490
492
496
496
500
502
506
510
514
520
527
533
540
548
555
562
570
577
583
588
594
599
600
603
603
603
601
599
596
591
586
579
572
566
558
550
545
536
528
522
515
509
503
497
491
486
481
478
474
471
468
466
465
463
463
464
464
465
466
469
470
472
476
479
481
485
488
491
493
497
500
503
504
507
510
510
511
513
515
515
514
514
515
514
514
514
512
511
510
510
508
507
505
504
502
500
498
498
496
494
494
492
491
490
488
487
489
487
488
488
487
486
487
488
487
487
487
488
488
489
490
490
491
493
496
498
501
504
509
515
520
527
534
541
548
557
564
572
580
585
591
596
599
603
605
604
603
602
597
595
590
585
579
572
566
558
550
542
535
527
519
513
505
498
494
487
482
478
473
470
467
464
462
462
460
460
461
461
462
462
465
467
469
472
475
478
481
484
487
491
494
495
500
504
505
507
511
511
513
515
515
516
517
516
517
516
515
515
514
513
511
508
509
505
504
504
502
499
498
498
496
494
494
493
492
491
490
489
489
487
488
488
486
486
487
487
486
486
485
486
487
487
487
489
489
491
493
495
498
501
506
511
515
521
529
535
542
550
557
564
572
578
584
589
593
597
601
601
601
601
597
594
591
586
579
573
566
560
551
542
535
526
519
510
503
497
490
484
479
474
469
466
464
459
458
458
457
456
457
458
459
462
463
467
470
472
476
481
485
487
492
496
499
503
506
509
511
514
517
518
518
520
521
521
521
520
520
519
517
515
515
512
510
509
506
505
503
502
500
499
496
495
494
493
490
490
489
487
486
487
486
485
484
485
484
484
485
485
485
486
485
487
487
487
489
492
492
494
497
501
504
509
515
520
526
533
539
547
555
563
571
577
583
588
593
597
598
600
601
599
597
595
589
584
578
572
564
556
549
541
532
525
516
511
503
495
490
483
479
473
469
465
462
460
459
456
456
456
456
457
459
460
464
467
468
473
477
479
483
488
491
494
499
502
505
508
510
513
514
516
517
519
519
519
518
519
519
516
516
515
513
511
509
508
505
504
502
500
499
498
495
494
492
491
491
490
489
489
489
488
486
488
488
486
487
488
488
488
488
488
489
489
490
490
491
490
492
493
493
492
495
496
496
498
500
503
507
510
515
521
525
533
540
547
556
564
571
580
587
592
600
603
607
609
610
609
608
605
601
597
590
584
578
569
562
555
546
539
531
523
516
509
503
496
491
485
481
476
472
469
466
464
463
461
461
461
459
462
464
465
466
470
472
476
479
482
485
488
491
494
498
500
502
506
508
509
511
513
514
514
515
516
515
515
515
514
512
511
510
509
508
505
504
503
500
499
499
497
495
494
493
491
491
490
490
489
487
488
488
487
486
487
487
487
486
488
488
486
488
487
488
489
490
490
491
491
491
492
494
493
494
496
496
498
501
503
506
511
516
522
528
535
544
551
559
567
575
583
589
595
601
604
606
607
608
606
604
601
596
590
586
578
570
564
555
547
540
531
524
517
509
502
496
491
484
479
475
471
467
465
463
460
459
459
458
458
460
461
462
465
466
469
473
474
479
483
485
488
492
495
498
501
503
506
508
510
513
514
515
516
517
517
517
515
516
515
512
510
511
509
506
505
502
501
500
498
497
496
494
492
493
492
489
490
489
488
488
488
488
487
486
487
487
487
487
488
488
489
488
490
491
490
491
493
493
492
493
494
494
494
495
495
496
496
497
498
499
500
504
506
510
514
519
525
530
537
545
553
559
567
573
580
586
592
596
598
600
601
601
599
594
593
587
582
576
570
562
554
546
538
531
523
515
509
500
494
489
483
478
473
469
465
462
460
459
458
457
458
458
458
460
463
465
468
471
475
479
482
486
490
494
497
502
505
507
510
513
515
517
518
520
520
520
520
520
520
519
516
516
515
513
511
512
507
506
505
503
501
500
498
497
496
493
492
492
490
489
488
487
487
486
487
487
486
485
486
486
486
487
487
488
489
488
491
491
490
492
493
493
493
495
495
496
498
500
502
506
509
514
520
525
531
538
545
552
558
566
572
577
583
588
590
592
596
595
593
592
590
584
581
575
570
564
556
549
542
535
525
519
512
504
497
491
485
477
473
470
465
461
460
457
454
455
455
456
456
458
460
464
465
468
473
476
479
483
487
491
494
498
502
505
509
512
514
516
518
520
522
522
521
522
522
520
519
519
516
515
514
511
508
508
505
504
502
498
498
498
495
494
492
492
490
489
489
489
488
487
488
487
487
487
487
488
488
489
489
490
490
489
492
491
491
492
493
493
493
494
496
495
495
496
498
498
499
500
503
506
509
514
519
523
530
538
544
550
559
567
574
582
588
594
600
601
605
607
608
606
604
600
595
591
584
578
570
562
555
546
538
531
522
515
507
501
494
490
484
480
477
472
469
468
464
464
463
462
463
463
463
465
466
467
470
473
475
479
482
485
489
492
496
499
502
505
508
510
512
515
516
517
518
518
519
519
518
518
517
515
513
514
513
510
509
507
506
505
503
501
499
497
496
495
494
492
491
490
489
488
488
489
486
487
488
487
487
487
488
488
488
487
488
489
489
489
490
489
490
491
492
492
492
494
495
496
498
501
503
506
511
515
521
527
532
540
547
553
562
570
575
582
589
593
597
601
601
602
601
598
596
591
586
580
573
566
558
551
543
536
527
520
512
505
499
493
487
481
477
472
468
466
462
460
459
457
457
458
457
459
461
464
465
469
473
476
479
482
486
490
494
498
501
503
507
509
512
515
515
516
519
519
519
522
520
520
520
519
518
517
514
515
512
510
510
508
505
503
500
500
498
495
495
494
492
491
491
489
488
488
488
487
487
485
487
488
487
487
488
487
487
488
488
488
488
489
490
490
490
490
491
492
493
495
496
499
502
505
509
513
519
526
530
537
545
551
558
565
571
578
583
587
591
594
595
595
594
593
590
586
581
576
569
562
555
547
540
533
525
517
510
503
496
490
483
478
473
468
465
463
459
456
455
454
454
454
455
458
459
462
466
468
471
476
480
484
487
491
497
500
503
507
510
513
515
517
519
521
521
522
522
523
521
522
522
519
518
518
515
514
513
511
509
506
505
503
501
499
498
497
495
494
494
493
491
491
491
491
489
488
489
487
487
488
487
487
488
488
487
489
489
490
491
493
494
496
499
503
506
511
517
522
527
535
541
547
554
561
567
573
578
583
587
588
591
592
591
590
587
584
581
576
570
565
557
551
544
536
529
522
515
508
501
494
489
482
478
473
471
467
464
463
460
460
461
460
461
462
464
466
468
470
474
478
481
485
487
492
495
499
503
506
509
512
515
517
518
521
521
522
522
521
521
522
518
518
517
515
513
514
511
509
507
506
504
502
501
500
497
495
495
494
493
492
491
491
491
489
489
490
488
488
490
489
488
488
489
489
489
488
490
490
491
492
494
496
498
502
506
511
516
522
530
536
544
553
560
567
574
580
588
593
597
601
604
604
605
605
601
597
594
589
584
578
572
564
557
548
541
534
526
519
512
504
498
492
487
482
477
472
470
466
464
464
461
462
462
463
464
467
468
471
474
475
480
483
485
489
492
495
499
502
505
508
510
512
516
517
517
520
521
521
522
520
521
520
518
517
517
515
513
512
509
507
505
504
502
499
497
497
495
493
493
492
491
490
488
488
487
486
486
487
485
485
485
485
485
486
487
487
488
487
490
492
492
494
498
501
505
510
516
522
527
534
543
550
557
566
573
580
586
591
596
600
601
602
602
600
598
595
589
583
578
571
564
555
548
541
532
524
517
511
503
496
491
485
480
475
472
468
465
463
461
459
459
459
459
459
461
462
464
467
470
473
477
479
484
488
491
494
498
501
504
508
510
513
514
515
517
519
519
519
520
520
519
519
519
518
516
515
514
512
510
509
508
506
504
502
500
500
496
495
496
492
492
492
490
489
489
488
488
487
487
487
487
486
486
487
487
487
488
489
488
488
490
493
494
495
501
504
508
514
520
526
533
540
548
555
562
570
577
582
588
593
597
599
599
599
599
595
591
588
583
576
570
564
555
548
540
532
525
516
509
503
495
488
482
477
473
469
465
463
460
458
458
458
457
458
459
460
463
465
470
473
475
478
483
486
490
495
498
501
505
508
512
514
516
519
520
520
521
522
522
520
520
519
519
517
515
513
511
509
508
506
503
502
500
498
497
494
494
493
491
491
491
490
488
489
488
489
487
487
488
487
487
487
488
487
488
489
490
491
491
494
495
498
501
507
510
514
521
528
534
540
548
556
563
569
577
582
587
591
595
596
597
597
595
593
588
583
579
574
567
560
553
545
538
530
524
516
508
502
495
488
484
479
473
469
466
464
461
460
458
459
460
460
461
464
465
468
472
474
478
481
485
489
491
496
500
503
506
510
512
515
517
518
519
521
520
521
520
519
519
519
517
515
513
512
510
507
506
505
503
501
500
499
496
496
494
493
492
491
491
490
489
488
489
488
487
488
487
487
487
487
488
488
487
488
489
489
490
492
492
494
494
498
501
504
509
515
519
524
531
540
547
556
565
573
581
586
595
601
604
]