483
483
483
482
483
483
482
481
480
479
479
478
478
477
476
476
478
481
483
485
488
491
494
497
500
503
507
510
512
515
517
519
522
524
525
526
527
527
527
528
528
527
527
526
525
524
524
521
520
518
516
514
513
511
509
507
505
503
503
502
500
499
498
497
497
498
497
497
496
496
496
497
497
497
497
497
497
498
499
499
498
500
499
499
500
500
501
501
501
501
502
502
502
502
503
503
504
505
507
508
511
512
516
520
523
527
532
536
540
545
550
553
558
561
564
566
569
570
572
571
571
569
568
566
561
557
553
548
544
539
534
529
523
518
513
509
503
498
494
490
488
486
483
479
480
479
479
479
481
482
483
485
487
489
493
496
498
501
505
507
511
514
517
519
520
523
525
526
527
527
528
528
527
526
526
524
522
521
519
517
516
514
513
510
509
507
506
505
503
501
500
499
498
498
497
496
496
495
496
496
496
496
496
497
497
497
499
498
498
499
498
500
500
500
500
501
500
501
501
502
502
502
502
503
504
506
508
509
511
513
518
523
527
531
537
543
548
555
560
565
570
574
578
579
583
583
583
582
580
578
575
571
566
561
556
551
545
540
533
527
521
515
509
505
499
495
491
486
483
481
479
477
476
476
475
476
477
478
479
481
483
485
489
492
495
498
501
504
507
512
514
516
518
521
523
525
526
527
527
526
526
525
525
523
522
520
519
517
515
513
510
509
507
506
505
503
502
500
499
498
497
497
496
495
495
495
495
495
493
494
493
493
494
494
494
494
495
495
495
495
496
496
497
498
497
498
498
498
498
497
497
498
498
499
500
501
502
504
506
509
512
516
520
525
530
537
543
548
554
561
566
571
576
580
581
584
585
584
584
583
580
576
572
567
563
558
551
546
539
533
527
521
515
510
504
499
494
490
486
483
480
477
475
473
473
472
472
473
473
476
479
480
482
484
488
490
494
497
500
503
507
509
511
514
516
517
519
519
520
521
521
520
520
519
518
518
517
515
513
511
510
508
507
505
503
501
499
498
497
497
496
495
493
493
493
493
493
493
492
493
492
494
494
494
494
494
494
495
496
496
496
497
497
498
499
499
500
499
500
499
499
500
499
498
498
498
498
498
498
498
499
500
502
504
507
509
513
518
522
526
533
539
545
551
556
561
567
571
575
578
579
580
581
580
578
576
572
568
563
560
554
547
541
535
529
524
518
512
507
502
497
493
489
485
482
479
477
475
474
473
474
474
475
476
478
481
483
486
488
491
494
497
501
503
506
509
511
513
515
516
518
520
520
520
521
522
521
521
520
518
518
516
515
513
511
509
507
507
504
503
501
500
499
499
497
496
495
495
494
494
494
